0,3
0,17
0,19
0,23
0,25
0,31
0,36
0,46
0,47
0,50
0,63
0,64
0,71
0,73
0,74
0,79
0,89
0,91
0,97
0,101
0,113
0,118
0,128
0,129
0,131
0,133
0,135
0,137
0,143
0,144
0,149
0,155
0,159
0,164
0,168
0,174
0,184
0,186
0,189
0,197
0,3,17
0,3,25
0,3,50
0,17,25
0,17,186
0,19,31
0,19,137
0,23,71
0,23,184
0,31,36
0,36,164
0,46,47
0,46,189
0,47,135
0,50,64
0,63,128
0,63,144
0,63,149
0,64,129
0,71,143
0,71,184
0,73,159
0,73,197
0,74,143
0,74,164
0,79,97
0,79,186
0,89,113
0,89,144
0,91,101
0,91,197
0,97,131
0,101,137
0,113,189
0,118,155
0,118,159
0,128,131
0,128,149
0,129,168
0,131,149
0,133,174
0,133,184
0,135,174
0,155,168
0,3,17,25
0,23,71,184
0,63,128,149
0,128,131,149
1,25,50
1,50,129
1,64,168
1,73,118
1,91,137
1,97,149
1,174,184
1,3,25,50
1,50,64,129
1,64,129,168
1,73,118,159
1,91,101,137
1,97,131,149
1,133,174,184
2,23,143
2,25,186
2,71,74
2,73,91
2,113,144
2,128,144
2,17,25,186
2,23,71,143
2,63,128,144
2,71,74,143
2,73,91,197
2,89,113,144
3,31,137
3,63,89
3,101,197
3,155,159
3,19,31,137
3,63,89,144
3,91,101,197
3,118,155,159
4,17,79
4,159,197
4,17,79,186
4,73,159,197
5,23,133
5,79,131
5,129,155
5,23,133,184
5,79,97,131
5,129,155,168
6,31,164
6,118,168
6,143,164
6,31,36,164
6,74,143,164
6,118,155,168
7,19,101
7,19,101,137
8,36,74
8,36,74,164
9,89,189
9,97,186
9,133,135
9,79,97,186
9,89,113,189
9,133,135,174
11,46,113
11,46,113,189
12,3,64
12,19,36
12,47,189
12,3,50,64
12,19,31,36
12,46,47,189
14,47,174
14,47,135,174
